152 INDEX 111 LIBRI DE DIFFERENTHS VERBORUM

464664 (644, 46-) 66 50

. 446946 235. 255

4464666 242

[46464 237

[4664 443

[4646646 225
frendere -
frondens (4464444) 223
[4446466464 222
4444964 247

frui 225

4444466646 247

46946 234

4444964 245. 252
4444964 (4646466) - -
46664444 235
46664664 (64464) -
sur 340

46464444 258 ·
464664 242. 554
46446464 244
[6444664464 554
4444464444 244 4.
4644444664 258

96466 420

964464 (46444, 4666444) 272

964446 207
9644644646 205
966646 275
9664464 274

9664 (966464) 270
964646446 273
9646466444 237
9646 258

94644464 408
946446 248

9466664 (66444, 6444664) 274

94664444 274. 302
9464464 443

946464 (464) 254
94646464 334
9466446455
94664464 (6646) 250
94666 250
9464444664 530

9646466464 275
96446 534

464666 45

46466 (64 66) 280
46646444 282
4646444646 204
4644446285

4646 204

4464444464 (6464) 287
4644646444 478

466 (4664) 497

466 4446 (464446) 278
46646 588
46664464 73. 455
46664283

= 4664444444 285

46444 284
4644444 444
464 (64) 284
4649444664 450
464446 443. 523
4444644464 (v. U)
4446464 552

Ι (J)
jaceo (646) 305

· jacto 305

jactura 450
4664464664 480
46666308

444 347 ·
4966464295
494444 307
49666444446 302

 

