158 11111 111 11111 os 1111111111111111111111.

1111 511

1111111 505
1111111111 551
111111 155
11111111 151
11111 511
1111111196
111111 511
1111111 539
1111111111 196
111111111(-111111) 531
111111 191
sepelio 58
sepulcrum 511
11111111 511
1111111111 195
1111111 536
sermo 518
1111111 18
111111 511

111111111111-1111516
1111111 515

11111 511

111111 195

sipuo -
simiiis 309. 518
11111111111 518
simui 511
111111111 518
simulo 515. 511
11111 530

11111 516

11111 511
111111 1

socrus 511
solemnes 151
11111111111 88
soloecismus 81.

11111 585
1111111111-11111) 511

11111111 531
111111 591
11111 113
speciosus 161
111111 190
specus 538
11111 513
11111 518
111111 199. 533
111111111-1111) 565
111111 535

“ 11111111 (slatus) 550

111111 195

111111 531
111111111 519
11111111 516
11111111 -
1111111111
suabium 318
subdistinctio 115
subjicio 510
11111111 11
1111111111 15
subsidium 118
subice (ius) 510

- 1111111151)

sum 513

11111511 ’

suo 101

111111 509

superbio 501
supero-icus, -us 551
11111111111 359
1111111 519

> supprimo 511

11111 599
11111111 511
suro 515
suppo 519
111 515

 

