150 1111111 111 111111 111111111111111111111

’ 1111158

111111 156-176
11110111, 1111) 870
11111111 831
1111111 164
11111111 146
111111 17
11111148 “
1111111111 116
1111111111 -
11111111150. 176
111111 153

11111 141
111111118. 155
11111 177
discerno 151
1111111111 136
11111111 -
111111 158
1111111111 515-541
1111111111 145
1111111 147
11111137. 166
1111111 147

111· 111, -1111, -11111 135

11111 168

11 167

11111 177
11111148. 173
1111111 174
111111 148 s, 173
111111 160, 176
11111111 360
1111148. 165

111157, 156 Ε

101111111-1111111) 183
11111111 (111) 805
1111111111) 101
effodio 888

1111111 185
11111 80
11111111 176
1111111 16
1111111 187
1111 180
1111111111 374
11 801
1111111 386

111111 168

epicoenum 186
eques (1111) 165
11111 806
1111111 861

eripio 63. 518

11 53

1111111 65
1111111111-11) 184
11111 86
1111111111 (1111) 166
1111111 83
11111111 14
111111111111-1111) 181
11111111 886
1111111111 188
11111 403

111111 188
experientia 186
11111111111 803
erpere 180
11111111180. 803
111111 443
1111111 154
exposco 438
11111111 66
1111111111 808
11111111 168
11111111 160. 513
1111111 518
1111111111 164

 

